-316.086,67.8865 -151.132,53.7104
-316.086,67.8865 -120853,10426.7
-145.617,52.97 223.806,3.37464
-145.617,52.97 -151.132,53.7104
18.6253,6.68422 0,0
18.6253,6.68422 80.2455,371.866
21.8322,51.9416 8.16504,-386.68
21.8322,51.9416 34.7042,465.045
38.0625,21.8959 213.116,-149.975
38.0625,21.8959 -661.85,709.085
52.1204,0.769819 -140.476,-936.207
52.1204,0.769819 118.89,325.603
23.9888,93.4693 229.637,-53.0103
23.9888,93.4693 -1679.23,1306.64
51.5277,45.865 226.252,-116.574
51.5277,45.865 -661.85,709.085
74.8798,3.45721 128.107,-313.076
74.8798,3.45721 1.02677,442.652
-151.132,53.7104 226.259,69.9457
-140.476,-936.207 -58.0227,-489.354
-661.85,709.085 -972.984,1004.64
