0.5,0.5 0.5,0.5
-10,0.5 0.5,0.5
0.5,-10 0.5,0.5
0.5,0.5 0.5,1.5
0.5,1.5 0.5,1.5
-10,0.5 0.5,0.5
-10,1.5 0.5,1.5
-10,1.5 0.5,1.5
0.5,1.5 0.5,10
0.5,0.5 1.5,0.5
1.5,0.5 1.5,0.5
1.5,-10 1.5,0.5
0.5,-10 0.5,0.5
0.5,0.5 0.5,0.5
0.5,0.5 1.5,0.5
0.5,0.5 0.5,1.5
1.5,0.5 1.5,1.5
0.5,1.5 1.5,1.5
1.5,1.5 1.5,1.5
0.5,1.5 0.5,1.5
0.5,1.5 1.5,1.5
0.5,1.5 0.5,10
1.5,1.5 1.5,10
1.5,0.5 10,0.5
1.5,-10 1.5,0.5
1.5,0.5 1.5,0.5
1.5,0.5 1.5,1.5
1.5,1.5 10,1.5
1.5,0.5 10,0.5
1.5,1.5 1.5,1.5
1.5,1.5 1.5,10
1.5,1.5 10,1.5